 1433292300 0 0
 1433292600 0 0
 1433292900 0 0
 1433293200 0 0
 1433293500 0 0
 1433293800 0 0
 1433294100 0 0
 1433294400 0 0
 1433294700 0 0
 1433295000 0 0
 1433295300 0 0
 1433295600 0 0
 1433295900 0 0
 1433296200 0 0
 1433296500 0 0
 1433296800 0 0
 1433297100 0 0
 1433297400 0 0
 1433297700 0 0
 1433298000 0 0
 1433298300 0 0
 1433298600 0 0
 1433298900 0 0
 1433299200 0 0
 1433299500 0 0
 1433299800 0 0
 1433300100 0 0
 1433300400 0 0
 1433300700 0 0
 1433301000 0 0
 1433301300 0 0
 1433301600 0 0
 1433301900 0 0
 1433302200 0.114 0.114
 1433302500 1.23 1.23
 1433302800 2.73 2.73
 1433303100 4.5659999999999998 4.5659999999999998
 1433303400 6.6959999999999997 6.6959999999999997
 1433303700 9.0719999999999992 9.0719999999999992
 1433304000 16.577999999999999 16.536000000000001
 1433304300 30.263999999999999 30.132000000000001
 1433304600 48.143999999999998 47.868000000000002
 1433304900 64.019999999999996 53.759999999999998
 1433305200 78.269999999999996 48.491999999999997
 1433305500 93.894000000000005 39.473999999999997
 1433305800 107.262 37.746000000000002
 1433306100 118.70999999999999 40.554000000000002
 1433306400 130.26599999999999 43.451999999999998
 1433306700 142.02000000000001 46.421999999999997
 1433307000 153.92400000000001 49.524000000000001
 1433307300 165.708 52.716000000000001
 1433307600 177.43199999999999 55.902000000000001
 1433307900 190.506 57.869999999999997
 1433308200 204.108 59.316000000000003
 1433308500 210.45599999999999 68.153999999999996
 1433308800 211.12799999999999 96.870000000000005
 1433309100 210.50399999999999 113.322
 1433309400 218.66399999999999 119.80200000000001
 1433309700 232.59 125.886
 1433310000 246.92400000000001 132.16200000000001
 1433310300 255.51599999999999 137.988
 1433310600 259.74000000000001 141.672
 1433310900 262.92599999999999 142.53
 1433311200 277.38 151.416
 1433311500 298.57799999999997 161.34
 1433311800 320.65199999999999 166.476
 1433312100 337.63799999999998 171.102
 1433312400 350.42399999999998 176.64599999999999
 1433312700 363.25200000000001 181.69800000000001
 1433313000 376.23000000000002 186.96600000000001
 1433313300 389.19600000000003 192.16200000000001
 1433313600 402.06 196.97399999999999
 1433313900 414.99599999999998 201.75
 1433314200 427.86599999999999 206.47800000000001
 1433314500 440.73599999999999 211.04400000000001
 1433314800 464.17200000000003 202.97999999999999
 1433315100 494.62200000000001 153.30600000000001
 1433315400 526.81200000000001 100.452
 1433315700 547.37400000000002 83.268000000000001
 1433316000 560.178 84.096000000000004
 1433316300 572.83799999999997 84.894000000000005
 1433316600 585.39599999999996 85.596000000000004
 1433316900 597.89400000000001 86.525999999999996
 1433317200 610.31399999999996 87.462000000000003
 1433317500 622.67999999999995 88.331999999999994
 1433317800 634.452 89.430000000000007
 1433318100 646.428 90.605999999999995
 1433318400 657.66600000000005 91.512
 1433318700 669.12599999999998 92.897999999999996
 1433319000 680.08799999999997 94.481999999999999
 1433319300 691.23599999999999 95.646000000000001
 1433319600 701.70000000000005 97.488
 1433319900 712.03200000000004 99.263999999999996
 1433320200 722.02800000000002 100.614
 1433320500 731.80200000000002 102.432
 1433320800 741.87 103.8
 1433321100 751.13400000000001 105.53400000000001
 1433321400 760.20600000000002 106.494
 1433321700 768.49199999999996 107.45999999999999
 1433322000 777.096 108.94199999999999
 1433322300 785.53200000000004 110.02800000000001
 1433322600 793.84799999999996 111.126
 1433322900 801.85799999999995 112.248
 1433323200 809.59199999999998 113.77800000000001
 1433323500 816.46799999999996 114.864
 1433323800 823.83600000000001 115.8
 1433324100 831.12 116.628
 1433324400 837.37800000000004 117.414
 1433324700 844.32000000000005 118.056
 1433325000 850.13400000000001 118.66200000000001
 1433325300 856.69200000000001 119.232
 1433325600 862.17600000000004 119.79600000000001
 1433325900 867.31200000000001 120.348
 1433326200 873.13800000000003 120.72
 1433326500 877.77599999999995 121.05
 1433326800 882.96600000000001 121.35599999999999
 1433327100 886.94399999999996 121.70399999999999
 1433327400 890.71799999999996 122.05200000000001
 1433327700 894.16800000000001 122.38200000000001
 1433328000 897.29399999999998 122.694
 1433328300 900.83399999999995 122.40600000000001
 1433328600 903.12 122.736
 1433328900 905.25 122.904
 1433329200 906.774 123.23999999999999
 1433329500 908.10599999999999 122.81999999999999
 1433329800 908.95799999999997 123.126
 1433330100 909.48000000000002 123.414
 1433330400 909.52800000000002 123.12
 1433330700 909.24000000000001 123.474
 1433331000 908.47799999999995 123.252
 1433331300 906.55200000000002 123.672
 1433331600 904.98000000000002 123.53400000000001
 1433331900 903.072 124.026
 1433332200 900.82799999999997 123.87
 1433332500 897.34199999999998 124.34399999999999
 1433332800 894.40200000000004 124.134
 1433333100 891.19200000000001 124.458
 1433333400 886.69200000000001 124.212
 1433333700 882.73199999999997 124.56
 1433334000 878.50800000000004 124.392
 1433334300 873.13800000000003 124.23
 1433334600 868.32000000000005 124.63200000000001
 1433334900 862.37400000000002 124.422
 1433335200 857.01599999999996 124.194
 1433335500 850.51800000000003 124.482
 1433335800 843.99000000000001 124.188
 1433336100 838.01999999999998 123.87
 1433336400 831.03599999999994 123.53400000000001
 1433336700 823.95600000000002 123.21599999999999
 1433337000 817.31399999999996 122.88
 1433337300 809.79600000000005 122.38800000000001
 1433337600 802.18200000000002 121.65000000000001
 1433337900 794.30399999999997 120.87
 1433338200 786.10199999999998 120.06
 1433338500 777.72000000000003 119.19
 1433338800 769.15200000000004 118.27200000000001
 1433339100 760.33199999999999 117.354
 1433339400 751.476 116.55
 1433339700 741.79200000000003 115.8
 1433340000 732.36000000000001 114.486
 1433340300 722.78399999999999 113.39400000000001
 1433340600 712.476 112.31999999999999
 1433340900 689.17200000000003 147.94800000000001
 1433341200 659.17200000000003 211.518
 1433341500 630.25199999999995 257.27999999999997
 1433341800 611.67600000000004 266.78399999999999
 1433342100 599.59199999999998 264.16800000000001
 1433342400 588.65999999999997 260.91000000000003
 1433342700 577.38599999999997 258.13200000000001
 1433343000 565.54200000000003 254.76599999999999
 1433343300 553.64400000000001 251.77199999999999
 1433343600 541.83000000000004 248.52600000000001
 1433343900 529.51800000000003 245.41200000000001
 1433344200 517.46400000000006 241.506
 1433344500 505.43400000000003 237.97800000000001
 1433344800 493.72800000000001 233.84399999999999
 1433345100 481.35000000000002 229.67400000000001
 1433345400 440.80200000000002 228.58199999999999
 1433345700 393.80399999999997 229.96799999999999
 1433346000 356.334 228.36000000000001
 1433346300 343.80000000000001 221.81399999999999
 1433346600 348.40800000000002 213.636
 1433346900 351.80399999999997 203.148
 1433347200 355.36799999999999 200.226
 1433347500 358.23000000000002 197.286
 1433347800 360.678 187.93799999999999
 1433348100 353.49000000000001 181.584
 1433348400 340.63799999999998 176.47800000000001
 1433348700 328.00799999999998 171.21000000000001
 1433349000 324.35399999999998 158.49600000000001
 1433349300 326.202 130.11600000000001
 1433349600 327.07799999999997 91.542000000000002
 1433349900 318.25200000000001 79.715999999999994
 1433350200 304.21199999999999 78.174000000000007
 1433350500 290.19600000000003 76.548000000000002
 1433350800 276.22199999999998 74.963999999999999
 1433351100 262.30799999999999 73.176000000000002
 1433351400 248.54400000000001 71.430000000000007
 1433351700 234.63 69.516000000000005
 1433352000 220.87200000000001 67.512
 1433352300 207.28800000000001 65.430000000000007
 1433352600 193.87799999999999 63.281999999999996
 1433352900 180.52799999999999 61.031999999999996
 1433353200 167.63999999999999 58.758000000000003
 1433353500 155.946 56.369999999999997
 1433353800 144.30000000000001 54.078000000000003
 1433354100 132.708 51.624000000000002
 1433354400 121.206 49.206000000000003
 1433354700 109.776 46.643999999999998
 1433355000 98.555999999999997 43.979999999999997
 1433355300 87.438000000000002 41.142000000000003
 1433355600 76.668000000000006 38.189999999999998
 1433355900 66.245999999999995 34.991999999999997
 1433356200 56.225999999999999 31.524000000000001
 1433356500 46.494 27.684000000000001
 1433356800 37.392000000000003 23.736000000000001
 1433357100 28.992000000000001 19.716000000000001
 1433357400 21.359999999999999 15.66
 1433357700 14.592000000000001 11.616
 1433358000 8.7840000000000007 7.6440000000000001
 1433358300 4.0140000000000002 3.8399999999999999
 1433358600 0.39000000000000001 0.29999999999999999
 1433358900 0 0
 1433359200 0 0
 1433359500 0 0
 1433359800 0 0
 1433360100 0 0
 1433360400 0 0
 1433360700 0 0
 1433361000 0 0
 1433361300 0 0
 1433361600 0 0
 1433361900 0 0
 1433362200 0 0
 1433362500 0 0
 1433362800 0 0
 1433363100 0 0
 1433363400 0 0
 1433363700 0 0
 1433364000 0 0
 1433364300 0 0
 1433364600 0 0
 1433364900 0 0
 1433365200 0 0
 1433365500 0 0
 1433365800 0 0
 1433366100 0 0
 1433366400 0 0
 1433366700 0 0
 1433367000 0 0
 1433367300 0 0
 1433367600 0 0
 1433367900 0 0
 1433368200 0 0
 1433368500 0 0
 1433368800 0 0
 1433369100 0 0
 1433369400 0 0
 1433369700 0 0
 1433370000 0 0
 1433370300 0 0
 1433370600 0 0
 1433370900 0 0
 1433371200 0 0
 1433371500 0 0
 1433371800 0 0
 1433372100 0 0
 1433372400 0 0
 1433372700 0 0
 1433373000 0 0
 1433373300 0 0
 1433373600 0 0
 1433373900 0 0
 1433374200 0 0
 1433374500 0 0
 1433374800 0 0
 1433375100 0 0
 1433375400 0 0
 1433375700 0 0
 1433376000 0 0
 1433376300 0 0
 1433376600 0 0
 1433376900 0 0
 1433377200 0 0
 1433377500 0 0
 1433377800 0 0
 1433378100 0 0
 1433378400 0 0
 1433378700 0 0
 1433379000 0 0
 1433379300 0 0
 1433379600 0 0
 1433379900 0 0
 1433380200 0 0
 1433380500 0 0
 1433380800 0 0
 1433381100 0 0
 1433381400 0 0
 1433381700 0 0
 1433382000 0 0
 1433382300 0 0
 1433382600 0 0
 1433382900 0 0
 1433383200 0 0
 1433383500 0 0
 1433383800 0 0
 1433384100 0 0
 1433384400 0 0
 1433384700 0 0
 1433385000 0 0
 1433385300 0 0
 1433385600 0 0
 1433385900 0 0
 1433386200 0 0
 1433386500 0 0
 1433386800 0 0
 1433387100 0 0
 1433387400 0 0
 1433387700 0 0
 1433388000 0 0
 1433388300 0 0
 1433388600 0.20999999999999999 0.20999999999999999
 1433388900 1.248 1.248
 1433389200 2.6099999999999999 2.6099999999999999
 1433389500 4.2539999999999996 4.2539999999999996
 1433389800 6.1680000000000001 6.1680000000000001
 1433390100 8.3100000000000005 8.3100000000000005
 1433390400 14.933999999999999 14.933999999999999
 1433390700 26.952000000000002 26.952000000000002
 1433391000 42.654000000000003 42.648000000000003
 1433391300 54.978000000000002 54.048000000000002
 1433391600 64.475999999999999 61.386000000000003
 1433391900 74.628 68.004000000000005
 1433392200 88.379999999999995 68.016000000000005
 1433392500 105.19799999999999 62.706000000000003
 1433392800 122.958 52.140000000000001
 1433393100 137.202 50.106000000000002
 1433393400 148.97399999999999 52.643999999999998
 1433393700 160.71000000000001 55.176000000000002
 1433394000 172.542 57.582000000000001
 1433394300 185.68799999999999 59.771999999999998
 1433394600 199.20599999999999 61.667999999999999
 1433394900 212.70599999999999 63.630000000000003
 1433395200 226.482 65.436000000000007
 1433395500 240.43199999999999 67.176000000000002
 1433395800 254.46600000000001 68.712000000000003
 1433396100 268.38 70.403999999999996
 1433396400 282.40199999999999 71.796000000000006
 1433396700 296.55000000000001 73.212000000000003
 1433397000 310.70999999999998 74.525999999999996
 1433397300 324.89999999999998 75.888000000000005
 1433397600 339.10199999999998 77.207999999999998
 1433397900 353.29199999999997 78.335999999999999
 1433398200 367.36799999999999 79.668000000000006
 1433398500 381.50400000000002 80.921999999999997
 1433398800 395.55000000000001 82.049999999999997
 1433399100 409.64400000000001 83.328000000000003
 1433399400 423.39600000000002 84.492000000000004
 1433399700 437.17200000000003 85.481999999999999
 1433400000 450.834 86.459999999999994
 1433400300 464.51400000000001 87.593999999999994
 1433400600 478.09800000000001 88.614000000000004
 1433400900 491.47199999999998 89.406000000000006
 1433401200 504.86399999999998 90.168000000000006
 1433401500 518.05799999999999 91.001999999999995
 1433401800 531.33600000000001 91.781999999999996
 1433402100 544.61400000000003 92.796000000000006
 1433402400 557.59199999999998 93.756
 1433402700 570.47400000000005 94.686000000000007
 1433403000 583.404 95.340000000000003
 1433403300 596.00999999999999 96.060000000000002
 1433403600 608.56200000000001 96.792000000000002
 1433403900 621.05399999999997 97.313999999999993
 1433404200 633.32399999999996 98.256
 1433404500 645.45600000000002 99.048000000000002
 1433404800 656.85000000000002 100.074
 1433405100 668.47799999999995 100.902
 1433405400 680.01599999999996 101.79600000000001
 1433405700 690.95399999999995 102.93000000000001
 1433406000 701.97000000000003 104.09399999999999
 1433406300 712.39200000000005 105.306
 1433406600 722.55600000000004 106.602
 1433406900 732.97199999999998 107.952
 1433407200 742.71600000000001 109.30200000000001
 1433407500 752.13 110.586
 1433407800 761.35199999999998 111.55800000000001
 1433408100 770.37599999999998 112.578
 1433408400 779.21400000000006 113.688
 1433408700 787.78200000000004 114.90000000000001
 1433409000 796.16399999999999 116.02800000000001
 1433409300 804.29399999999998 116.76600000000001
 1433409600 812.14800000000002 117.822
 1433409900 819.87 118.866
 1433410200 826.73400000000004 119.28
 1433410500 834.16800000000001 120.066
 1433410800 841.404 120.384
 1433411100 847.61400000000003 121.146
 1433411400 854.39400000000001 121.422
 1433411700 860.226 122.04000000000001
 1433412000 866.66399999999999 122.154
 1433412300 871.88400000000001 122.81399999999999
 1433412600 877.82399999999996 122.742
 1433412900 882.54600000000005 122.682
 1433413200 887.81399999999996 123.18000000000001
 1433413500 891.90599999999995 123.16200000000001
 1433413800 895.74599999999998 123.13200000000001
 1433414100 899.26199999999994 123.09
 1433414400 903.29999999999995 123.648
 1433414700 906.05399999999997 123.63
 1433415000 908.56799999999998 123.462
 1433415300 910.62 123.372
 1433415600 912.34199999999998 123.264
 1433415900 913.596 123.23999999999999
 1433416200 914.51400000000001 123.19199999999999
 1433416500 915.09000000000003 123.13200000000001
 1433416800 915.20399999999995 123.15600000000001
 1433417100 914.98199999999997 123.16800000000001
 1433417400 914.28599999999994 123.258
 1433417700 913.25400000000002 123.33
 1433418000 911.89200000000005 123.39
 1433418300 910.06200000000001 123.52800000000001
 1433418600 906.92399999999998 123.75
 1433418900 904.428 123.21599999999999
 1433419200 901.55399999999997 123.276
 1433419500 898.25400000000002 123.426
 1433419800 893.76599999999996 123.56999999999999
 1433420100 889.80600000000004 123.096
 1433420400 885.60599999999999 123.22199999999999
 1433420700 880.22400000000005 122.82599999999999
 1433421000 875.39400000000001 122.994
 1433421300 869.346 123.18000000000001
 1433421600 863.98199999999997 122.658
 1433421900 857.44200000000001 122.664
 1433422200 850.69200000000001 122.11799999999999
 1433422500 844.67999999999995 121.458
 1433422800 837.53999999999996 121.26600000000001
 1433423100 830.28599999999994 120.59399999999999
 1433423400 822.91200000000003 119.934
 1433423700 815.99400000000003 119.64
 1433424000 808.33799999999997 118.68600000000001
 1433424300 800.35799999999995 117.78
 1433424600 792.16800000000001 116.79600000000001
 1433424900 783.73199999999997 116.142
 1433425200 775.11599999999999 115.032
 1433425500 766.25999999999999 113.91
 1433425800 757.23599999999999 112.884
 1433426100 747.57600000000002 111.876
 1433426400 738.10199999999998 110.628
 1433426700 728.46600000000001 109.212
 1433427000 718.476 107.946
 1433427300 707.904 106.64400000000001
 1433427600 697.53599999999994 105.20999999999999
 1433427900 686.53200000000004 104.08199999999999
 1433428200 675.57600000000002 103.14
 1433428500 663.99000000000001 102.23399999999999
 1433428800 652.41600000000005 101.19
 1433429100 640.72199999999998 100.32599999999999
 1433429400 628.67399999999998 99.359999999999999
 1433429700 616.50599999999997 98.579999999999998
 1433430000 604.13999999999999 97.835999999999999
 1433430300 591.82799999999997 97.140000000000001
 1433430600 579.31799999999998 96.227999999999994
 1433430900 566.62800000000004 95.418000000000006
 1433431200 553.94399999999996 94.349999999999994
 1433431500 540.88199999999995 93.414000000000001
 1433431800 527.97000000000003 92.256
 1433432100 514.86599999999999 91.331999999999994
 1433432400 501.72000000000003 90.378
 1433432700 488.59199999999998 89.670000000000002
 1433433000 475.27800000000002 88.751999999999995
 1433433300 461.71800000000002 87.605999999999995
 1433433600 448.29000000000002 86.519999999999996
 1433433900 434.77199999999999 85.266000000000005
 1433434200 421.12200000000001 84.162000000000006
 1433434500 407.41199999999998 83.075999999999993
 1433434800 393.45600000000002 81.870000000000005
 1433435100 379.58999999999997 80.483999999999995
 1433435400 365.61599999999999 79.319999999999993
 1433435700 351.68400000000003 77.915999999999997
 1433436000 337.63200000000001 76.727999999999994
 1433436300 323.56200000000001 75.359999999999999
 1433436600 309.50400000000002 74.111999999999995
 1433436900 295.464 72.677999999999997
 1433437200 281.44200000000001 71.238
 1433437500 267.54599999999999 69.840000000000003
 1433437800 253.73400000000001 68.334000000000003
 1433438100 239.81399999999999 66.605999999999995
 1433438400 225.97200000000001 64.956000000000003
 1433438700 212.304 63.173999999999999
 1433439000 198.87 61.223999999999997
 1433439300 185.44200000000001 59.393999999999998
 1433439600 172.386 57.264000000000003
 1433439900 160.63200000000001 54.810000000000002
 1433440200 148.94399999999999 52.212000000000003
 1433440500 137.244 49.710000000000001
 1433440800 125.634 47.07
 1433441100 114.276 44.484000000000002
 1433441400 102.97199999999999 41.915999999999997
 1433441700 91.757999999999996 39.167999999999999
 1433442000 80.808000000000007 36.366
 1433442300 70.103999999999999 33.372
 1433442600 59.802 30.234000000000002
 1433442900 49.716000000000001 26.771999999999998
 1433443200 40.235999999999997 23.196000000000002
 1433443500 31.428000000000001 19.518000000000001
 1433443800 23.376000000000001 15.762
 1433444100 16.181999999999999 11.970000000000001
 1433444400 9.9779999999999998 8.1780000000000008
 1433444700 4.8600000000000003 4.4580000000000002
 1433445000 0.93600000000000005 0.89400000000000002
 1433445300 0 0
 1433445600 0 0
 1433445900 0 0
 1433446200 0 0
 1433446500 0 0
 1433446800 0 0
 1433447100 0 0
 1433447400 0 0
 1433447700 0 0
 1433448000 0 0
 1433448300 0 0
 1433448600 0 0
 1433448900 0 0
 1433449200 0 0
 1433449500 0 0
 1433449800 0 0
 1433450100 0 0
 1433450400 0 0
 1433450700 0 0
 1433451000 0 0
 1433451300 0 0
 1433451600 0 0
 1433451900 0 0
 1433452200 0 0
 1433452500 0 0
 1433452800 0 0
 1433453100 0 0
 1433453400 0 0
 1433453700 0 0
 1433454000 0 0
 1433454300 0 0
 1433454600 0 0
 1433454900 0 0
 1433455200 0 0
 1433455500 0 0
 1433455800 0 0
 1433456100 0 0
 1433456400 0 0
 1433456700 0 0
 1433457000 0 0
 1433457300 0 0
 1433457600 0 0
 1433457900 0 0
 1433458200 0 0
 1433458500 0 0
 1433458800 0 0
 1433459100 0 0
 1433459400 0 0
 1433459700 0 0
 1433460000 0 0
 1433460300 0 0
 1433460600 0 0
 1433460900 0 0
 1433461200 0 0
 1433461500 0 0
 1433461800 0 0
 1433462100 0 0
 1433462400 0 0
 1433462700 0 0
 1433463000 0 0
 1433463300 0 0
 1433463600 0 0
 1433463900 0 0
 1433464200 0 0
 1433464500 0 0
 1433464800 0 0
 1433465100 0 0
 1433465400 0 0
 1433465700 0 0
 1433466000 0 0
 1433466300 0 0
 1433466600 0 0
 1433466900 0 0
 1433467200 0 0
 1433467500 0 0
 1433467800 0 0
 1433468100 0 0
 1433468400 0 0
 1433468700 0 0
 1433469000 0 0
 1433469300 0 0
 1433469600 0 0
 1433469900 0 0
 1433470200 0 0
 1433470500 0 0
 1433470800 0 0
 1433471100 0 0
 1433471400 0 0
 1433471700 0 0
 1433472000 0 0
 1433472300 0 0
 1433472600 0 0
 1433472900 0 0
 1433473200 0 0
 1433473500 0 0
 1433473800 0 0
 1433474100 0 0
 1433474400 0 0
 1433474700 0 0
 1433475000 0.29399999999999998 0.29399999999999998
 1433475300 1.3440000000000001 1.3440000000000001
 1433475600 2.706 2.706
 1433475900 4.3559999999999999 4.3559999999999999
 1433476200 6.2640000000000002 6.2640000000000002
 1433476500 8.3940000000000001 8.3940000000000001
 1433476800 15.486000000000001 15.486000000000001
 1433477100 28.512 28.494
 1433477400 45.515999999999998 45.491999999999997
 1433477700 60.984000000000002 52.079999999999998
 1433478000 75.462000000000003 48.689999999999998
 1433478300 91.829999999999998 42.078000000000003
 1433478600 105.324 40.853999999999999
 1433478900 116.694 43.518000000000001
 1433479200 128.16 46.223999999999997
 1433479500 139.79400000000001 48.744
 1433479800 151.548 51.468000000000004
 1433480100 163.25999999999999 54.258000000000003
 1433480400 175.13399999999999 56.909999999999997
 1433480700 188.268 58.841999999999999
 1433481000 201.798 60.527999999999999
 1433481300 215.322 62.411999999999999
 1433481600 229.08000000000001 64.116
 1433481900 243.048 65.447999999999993
 1433482200 257.04599999999999 66.971999999999994
 1433482500 270.87 68.364000000000004
 1433482800 284.86200000000002 69.713999999999999
 1433483100 298.95600000000002 71.028000000000006
 1433483400 313.06200000000001 72.341999999999999
 1433483700 327.22800000000001 73.548000000000002
 1433484000 341.35199999999998 74.591999999999999
 1433484300 355.47000000000003 75.701999999999998
 1433484600 369.46199999999999 76.896000000000001
 1433484900 383.56799999999998 77.915999999999997
 1433485200 397.60199999999998 79.049999999999997
 1433485500 411.53399999999999 80.244
 1433485800 425.25599999999997 81.239999999999995
 1433486100 438.86399999999998 82.152000000000001
 1433486400 452.55599999999998 83.177999999999997
 1433486700 466.12799999999999 84.287999999999997
 1433487000 479.57400000000001 85.349999999999994
 1433487300 492.92399999999998 86.238
 1433487600 506.214 86.988
 1433487900 519.36000000000001 87.810000000000002
 1433488200 532.63199999999995 88.632000000000005
 1433488500 545.61000000000001 89.483999999999995
 1433488800 558.78599999999994 90.504000000000005
 1433489100 571.51199999999994 91.278000000000006
 1433489400 584.17200000000003 92.225999999999999
 1433489700 596.74199999999996 92.867999999999995
 1433490000 609.22199999999998 93.695999999999998
 1433490300 621.61199999999997 94.230000000000004
 1433490600 633.78599999999994 95.087999999999994
 1433490900 645.84000000000003 95.939999999999998
 1433491200 657.14999999999998 97.067999999999998
 1433491500 668.72400000000005 98.016000000000005
 1433491800 679.83600000000001 99.054000000000002
 1433492100 691.04399999999998 100.182
 1433492400 701.58000000000004 101.55
 1433492700 712.33799999999997 102.97799999999999
 1433493000 722.43600000000004 104.45399999999999
 1433493300 732.36599999999999 105.93000000000001
 1433493600 741.94200000000001 107.67
 1433493900 751.35000000000002 108.75
 1433494200 760.404 109.992
 1433494500 769.35599999999999 111.22199999999999
 1433494800 778.11599999999999 112.494
 1433495100 786.59400000000005 113.44199999999999
 1433495400 794.87400000000002 114.732
 1433495700 802.90200000000004 115.62
 1433496000 810.72000000000003 116.83199999999999
 1433496300 817.548 117.672
 1433496600 824.99400000000003 118.67400000000001
 1433496900 832.29600000000005 119.196
 1433497200 838.60799999999995 119.682
 1433497500 845.56200000000001 120.59999999999999
 1433497800 851.39999999999998 121.032
 1433498100 858.04200000000003 121.32599999999999
 1433498400 863.53800000000001 121.608
 1433498700 869.53800000000001 122.44799999999999
 1433499000 874.55999999999995 122.514
 1433499300 879.20399999999995 122.616
 1433499600 884.39400000000001 122.7
 1433499900 888.45000000000005 122.84399999999999
 1433500200 892.32600000000002 122.922
 1433500500 895.67399999999998 123.09
 1433500800 899.64599999999996 123.18000000000001
 1433501100 902.37 123.27
 1433501400 904.83000000000004 123.252
 1433501700 906.822 123.312
 1433502000 908.47799999999995 123.36
 1433502300 909.66600000000005 123.486
 1433502600 910.65599999999995 123.498
 1433502900 911.03399999999999 123.696
 1433503200 911.07600000000002 123.88200000000001
 1433503500 910.78200000000004 123.384
 1433503800 909.34199999999998 123.53400000000001
 1433504100 908.23800000000006 123.774
 1433504400 906.654 124.098
 1433504700 904.74000000000001 123.756
 1433505000 902.49599999999998 124.056
 1433505300 898.93799999999999 124.446
 1433505600 895.96199999999999 124.086
 1433505900 892.67399999999998 124.392
 1433506200 888.096 124.146
 1433506500 884.05200000000002 124.494
 1433506800 878.75400000000002 124.30800000000001
 1433507100 874.16999999999996 124.146
 1433507400 868.40999999999997 124.554
 1433507700 862.37400000000002 124.392
 1433508000 856.91399999999999 124.182
 1433508300 850.45799999999997 124.476
 1433508600 843.73800000000006 124.30800000000001
 1433508900 837.678 123.996
 1433509200 830.63400000000001 123.672
 1433509500 823.39200000000005 123.33
 1433509800 816.06600000000003 123.018
 1433510100 808.46400000000006 122.946
 1433510400 800.74199999999996 122.256
 1433510700 792.83399999999995 121.5
 1433511000 784.66800000000001 120.324
 1433511300 776.26199999999994 119.45399999999999
 1433511600 767.65200000000004 118.548
 1433511900 758.80799999999999 117.63
 1433512200 749.81399999999996 116.80800000000001
 1433512500 740.11199999999997 116.05800000000001
 1433512800 730.79999999999995 114.804
 1433513100 720.65999999999997 113.76600000000001
 1433513400 710.85000000000002 112.69199999999999
 1433513700 700.29600000000005 111.468
 1433514000 689.952 110.568
 1433514300 678.87599999999998 109.59
 1433514600 667.58399999999995 108.828
 1433514900 656.45399999999995 107.91
 1433515200 644.928 107.196
 1433515500 633.42600000000004 106.31399999999999
 1433515800 621.50400000000002 105.432
 1433516100 609.44399999999996 104.55
 1433516400 596.82600000000002 103.932
 1433516700 584.54999999999995 102.90600000000001
 1433517000 572.154 101.946
 1433517300 559.63199999999995 101.06999999999999
 1433517600 546.87599999999998 99.947999999999993
 1433517900 534.34799999999996 98.813999999999993
 1433518200 521.46000000000004 97.644000000000005
 1433518500 508.51799999999997 96.611999999999995
 1433518800 495.55200000000002 95.819999999999993
 1433519100 482.39999999999998 94.866
 1433519400 469.26600000000002 93.725999999999999
 1433519700 455.964 92.513999999999996
 1433520000 442.488 91.284000000000006
 1433520300 429.10199999999998 90.114000000000004
 1433520600 415.47000000000003 88.890000000000001
 1433520900 401.84399999999999 87.504000000000005
 1433521200 388.11599999999999 86.165999999999997
 1433521500 374.48399999999998 84.575999999999993
 1433521800 360.75599999999997 83.111999999999995
 1433522100 346.99799999999999 81.762
 1433522400 333.06599999999997 80.370000000000005
 1433522700 319.18200000000002 78.989999999999995
 1433523000 305.274 77.453999999999994
 1433523300 291.42599999999999 75.858000000000004
 1433523600 277.548 74.286000000000001
 1433523900 263.75999999999999 72.725999999999999
 1433524200 250.12200000000001 70.872
 1433524500 236.38800000000001 69.132000000000005
 1433524800 222.708 67.122
 1433525100 209.244 65.075999999999993
 1433525400 195.98400000000001 63.078000000000003
 1433525700 182.71199999999999 61.008000000000003
 1433526000 169.71600000000001 58.770000000000003
 1433526300 157.97399999999999 56.357999999999997
 1433526600 146.45400000000001 53.994
 1433526900 134.892 51.414000000000001
 1433527200 123.42 48.954000000000001
 1433527500 112.086 46.481999999999999
 1433527800 100.836 43.841999999999999
 1433528100 89.772000000000006 41.130000000000003
 1433528400 78.947999999999993 38.256
 1433528700 68.549999999999997 35.207999999999998
 1433529000 58.590000000000003 31.962
 1433529300 48.786000000000001 28.271999999999998
 1433529600 39.600000000000001 24.48
 1433529900 31.085999999999999 20.591999999999999
 1433530200 23.327999999999999 16.649999999999999
 1433530500 16.391999999999999 12.696
 1433530800 10.380000000000001 8.7899999999999991
 1433531100 5.3760000000000003 5.0099999999999998
 1433531400 1.458 1.446
 1433531700 0 0
 1433532000 0 0
 1433532300 0 0
 1433532600 0 0
 1433532900 0 0
 1433533200 0 0
 1433533500 0 0
 1433533800 0 0
 1433534100 0 0
 1433534400 0 0
 1433534700 0 0
 1433535000 0 0
 1433535300 0 0
 1433535600 0 0
 1433535900 0 0
 1433536200 0 0
 1433536500 0 0
 1433536800 0 0
 1433537100 0 0
 1433537400 0 0
 1433537700 0 0
 1433538000 0 0
 1433538300 0 0
 1433538600 0 0
 1433538900 0 0
 1433539200 0 0
 1433539500 0 0
 1433539800 0 0
 1433540100 0 0
 1433540400 0 0
 1433540700 0 0
 1433541000 0 0
 1433541300 0 0
 1433541600 0 0
 1433541900 0 0
 1433542200 0 0
 1433542500 0 0
 1433542800 0 0
 1433543100 0 0
 1433543400 0 0
 1433543700 0 0
 1433544000 0 0
 1433544300 0 0
 1433544600 0 0
 1433544900 0 0
 1433545200 0 0
 1433545500 0 0
 1433545800 0 0
 1433546100 0 0
 1433546400 0 0
 1433546700 0 0
 1433547000 0 0
 1433547300 0 0
 1433547600 0 0
 1433547900 0 0
 1433548200 0 0
 1433548500 0 0
 1433548800 0 0
 1433549100 0 0
 1433549400 0 0
 1433549700 0 0
 1433550000 0 0
 1433550300 0 0
 1433550600 0 0
 1433550900 0 0
 1433551200 0 0
 1433551500 0 0
 1433551800 0 0
 1433552100 0 0
 1433552400 0 0
 1433552700 0 0
 1433553000 0 0
 1433553300 0 0
 1433553600 0 0
 1433553900 0 0
 1433554200 0 0
 1433554500 0 0
 1433554800 0 0
 1433555100 0 0
 1433555400 0 0
 1433555700 0 0
 1433556000 0 0
 1433556300 0 0
 1433556600 0 0
 1433556900 0 0
 1433557200 0 0
 1433557500 0 0
 1433557800 0 0
 1433558100 0 0
 1433558400 0 0
 1433558700 0 0
 1433559000 0 0
 1433559300 0 0
 1433559600 0 0
 1433559900 0 0
 1433560200 0 0
 1433560500 0 0
 1433560800 0 0
 1433561100 0 0
 1433561400 1.3919999999999999 1.3859999999999999
 1433561700 5.1900000000000004 4.968
 1433562000 9.9900000000000002 8.8499999999999996
 1433562300 13.782 11.598000000000001
 1433562600 15.15 12.827999999999999
 1433562900 14.298 13.295999999999999
 1433563200 18.815999999999999 18.774000000000001
 1433563500 29.885999999999999 29.748000000000001
 1433563800 43.914000000000001 43.631999999999998
 1433564100 54.444000000000003 53.25
 1433564400 62.159999999999997 59.310000000000002
 1433564700 70.007999999999996 64.656000000000006
 1433565000 78.209999999999994 69.353999999999999
 1433565300 86.951999999999998 73.841999999999999
 1433565600 95.855999999999995 77.25
 1433565900 105.20999999999999 80.388000000000005
 1433566200 115.36799999999999 83.25
 1433566500 125.58 85.007999999999996
 1433566800 118.73999999999999 84.846000000000004
 1433567100 99.953999999999994 87.587999999999994
 1433567400 84.468000000000004 79.530000000000001
 1433567700 96.953999999999994 88.325999999999993
 1433568000 134.55000000000001 104.40000000000001
 1433568300 183.59399999999999 114.468
 1433568600 208.36799999999999 121.578
 1433568900 218.56800000000001 127.27200000000001
 1433569200 228.804 132.828
 1433569500 240.672 138.34200000000001
 1433569800 253.27199999999999 144.38999999999999
 1433570100 265.71600000000001 149.97
 1433570400 285.25200000000001 150.88200000000001
 1433570700 309.774 145.02600000000001
 1433571000 337.29599999999999 116.142
 1433571300 356.83199999999999 106.2
 1433571600 370.524 107.892
 1433571900 384.108 109.68000000000001
 1433572200 397.512 111.432
 1433572500 411.048 113.05200000000001
 1433572800 424.49400000000003 114.444
 1433573100 437.92200000000003 115.818
 1433573400 451.35000000000002 117.12
 1433573700 464.74799999999999 117.876
 1433574000 477.94799999999998 118.542
 1433574300 490.99799999999999 119.352
 1433574600 503.904 120.15600000000001
 1433574900 506.55599999999998 148.31399999999999
 1433575200 501.846 202.596
 1433575500 496.41000000000003 235.13399999999999
 1433575800 511.47000000000003 234.702
 1433576100 540.50400000000002 199.12799999999999
 1433576400 571.75199999999995 143.44800000000001
 1433576700 584.26199999999994 158.55600000000001
 1433577000 584.46600000000001 219.21600000000001
 1433577300 583.50599999999997 256.99200000000002
 1433577600 590.30999999999995 272.67000000000002
 1433577900 601.96799999999996 275.95800000000003
 1433578200 613.92600000000004 278.84399999999999
 1433578500 632.55600000000004 259.84800000000001
 1433578800 655.12800000000004 216.94800000000001
 1433579100 677.69399999999996 154.12799999999999
 1433579400 692.976 132.56999999999999
 1433579700 703.31399999999996 132.864
 1433580000 713.47799999999995 133.572
 1433580300 722.74800000000005 133.90799999999999
 1433580600 732.28800000000001 134.05799999999999
 1433580900 741.12 134.62200000000001
 1433581200 750.39599999999996 134.97
 1433581500 758.61599999999999 135.864
 1433581800 766.54200000000003 136.83600000000001
 1433582100 774.23400000000004 137.81999999999999
 1433582400 781.23599999999999 138.786
 1433582700 788.45399999999995 139.38
 1433583000 795.678 139.93799999999999
 1433583300 802.64400000000001 140.46000000000001
 1433583600 809.59199999999998 140.59200000000001
 1433583900 815.71799999999996 141.054
 1433584200 822.25199999999995 141.55199999999999
 1433584500 828.66600000000005 141.22800000000001
 1433584800 834.07799999999997 141.28800000000001
 1433585100 839.952 140.91
 1433585400 844.98599999999999 140.91
 1433585700 850.38599999999997 140.57400000000001
 1433586000 854.73599999999999 140.61600000000001
 1433586300 858.94799999999998 140.208
 1433586600 863.71199999999999 139.584
 1433586900 867.16200000000003 139.71000000000001
 1433587200 870.41999999999996 139.21199999999999
 1433587500 873.28200000000004 138.81
 1433587800 876.57600000000002 138.36000000000001
 1433588100 878.66399999999999 138.53999999999999
 1433588400 880.428 138.24600000000001
 1433588700 881.86199999999997 137.928
 1433589000 882.80999999999995 137.77799999999999
 1433589300 883.27200000000005 137.79599999999999
 1433589600 883.55999999999995 137.61600000000001
 1433589900 883.20000000000005 137.78399999999999
 1433590200 882.67200000000003 137.75399999999999
 1433590500 881.65800000000002 137.892
 1433590800 880.15800000000002 138.19800000000001
 1433591100 877.60199999999998 138.48599999999999
 1433591400 875.45399999999995 138.75
 1433591700 872.83199999999999 138.72
 1433592000 869.90999999999997 139.11000000000001
 1433592300 866.01599999999996 139.512
 1433592600 862.39800000000002 139.614
 1433592900 858.46199999999999 140.148
 1433593200 853.34400000000005 140.77799999999999
 1433593500 848.96400000000006 140.80199999999999
 1433593800 835.91999999999996 180.90600000000001
 1433594100 819.18600000000004 268.90199999999999
 1433594400 801.86400000000003 309.81599999999997
 1433594700 791.94000000000005 331.29599999999999
 1433595000 785.86199999999997 330.024
 1433595300 779.43600000000004 328.69799999999998
 1433595600 772.64400000000001 327.12
 1433595900 765.726 325.43400000000003
 1433596200 759.05399999999997 322.95600000000002
 1433596500 718.03200000000004 355.75799999999998
 1433596800 663.20399999999995 373.25999999999999
 1433597100 615.69000000000005 355.22399999999999
 1433597400 589.66200000000003 355.55399999999997
 1433597700 574.58399999999995 342.798
 1433598000 560.84400000000005 335.45999999999998
 1433598300 573.22799999999995 351.49799999999999
 1433598600 614.37599999999998 347.68200000000002
 1433598900 663.17399999999998 316.11000000000001
 1433599200 567.29999999999995 280.75799999999998
 1433599500 445.62599999999998 261.17399999999998
 1433599800 299.06999999999999 239.304
 1433600100 258.21600000000001 239.952
 1433600400 289.05000000000001 255.072
 1433600700 317.03399999999999 264.41399999999999
 1433601000 385.31999999999999 268.50599999999997
 1433601300 471.82799999999997 268.31999999999999
 1433601600 547.23000000000002 268.76999999999998
 1433601900 581.28599999999994 266.89800000000002
 1433602200 569.82600000000002 263.45400000000001
 1433602500 557.98800000000006 260.03399999999999
 1433602800 473.68799999999999 248.04599999999999
 1433603100 379.00799999999998 233.982
 1433603400 262.79399999999998 209.50800000000001
 1433603700 210.738 194.91
 1433604000 202.08600000000001 187.80000000000001
 1433604300 193.82400000000001 180.47999999999999
 1433604600 200.73599999999999 186.15000000000001
 1433604900 215.262 194.74199999999999
 1433605200 227.334 200.84399999999999
 1433605500 222.33000000000001 196.84800000000001
 1433605800 208.464 188.142
 1433606100 194.39400000000001 178.71000000000001
 1433606400 229.73400000000001 182.53200000000001
 1433606700 296.26799999999997 188.48400000000001
 1433607000 344.73599999999999 189.054
 1433607300 355.13400000000001 184.87799999999999
 1433607600 342.25799999999998 179.59200000000001
 1433607900 329.41800000000001 174.27600000000001
 1433608200 316.47000000000003 168.66
 1433608500 303.43200000000002 163.27199999999999
 1433608800 290.63999999999999 157.19999999999999
 1433609100 264.678 151.512
 1433609400 227.97 145.25399999999999
 1433609700 190.428 138.678
 1433610000 170.67599999999999 132.126
 1433610300 160.78200000000001 125.934
 1433610600 151.494 119.574
 1433610900 142.86000000000001 113.45999999999999
 1433611200 134.52600000000001 107.304
 1433611500 126.17400000000001 101.346
 1433611800 119.01000000000001 95.766000000000005
 1433612100 112.494 90.420000000000002
 1433612400 105.93600000000001 85.061999999999998
 1433612700 99.912000000000006 82.632000000000005
 1433613000 93.671999999999997 80.016000000000005
 1433613300 87.486000000000004 77.135999999999996
 1433613600 81.546000000000006 73.878
 1433613900 75.504000000000005 70.224000000000004
 1433614200 69.239999999999995 65.861999999999995
 1433614500 63.659999999999997 61.451999999999998
 1433614800 58.061999999999998 56.664000000000001
 1433615100 52.265999999999998 51.576000000000001
 1433615400 45.834000000000003 45.630000000000003
 1433615700 38.771999999999998 38.688000000000002
 1433616000 31.992000000000001 31.962
 1433616300 25.745999999999999 25.734000000000002
 1433616600 19.949999999999999 19.943999999999999
 1433616900 14.58 14.58
 1433617200 9.6959999999999997 9.6959999999999997
 1433617500 5.4240000000000004 5.4240000000000004
 1433617800 1.8720000000000001 1.8720000000000001
 1433618100 0 0
 1433618400 0 0
 1433618700 0 0
 1433619000 0 0
 1433619300 0 0
 1433619600 0 0
 1433619900 0 0
 1433620200 0 0
 1433620500 0 0
 1433620800 0 0
 1433621100 0 0
 1433621400 0 0
 1433621700 0 0
 1433622000 0 0
 1433622300 0 0
 1433622600 0 0
 1433622900 0 0
 1433623200 0 0
 1433623500 0 0
 1433623800 0 0
 1433624100 0 0
 1433624400 0 0
 1433624700 0 0
 1433625000 0 0
 1433625300 0 0
 1433625600 0 0
 1433625900 0 0
 1433626200 0 0
 1433626500 0 0
 1433626800 0 0
 1433627100 0 0
 1433627400 0 0
 1433627700 0 0
 1433628000 0 0
 1433628300 0 0
 1433628600 0 0
 1433628900 0 0
 1433629200 0 0
 1433629500 0 0
 1433629800 0 0
 1433630100 0 0
 1433630400 0 0
 1433630700 0 0
 1433631000 0 0
 1433631300 0 0
 1433631600 0 0
 1433631900 0 0
 1433632200 0 0
 1433632500 0 0
 1433632800 0 0
 1433633100 0 0
 1433633400 0 0
 1433633700 0 0
 1433634000 0 0
 1433634300 0 0
 1433634600 0 0
 1433634900 0 0
 1433635200 0 0
 1433635500 0 0
 1433635800 0 0
 1433636100 0 0
 1433636400 0 0
 1433636700 0 0
 1433637000 0 0
 1433637300 0 0
 1433637600 0 0
 1433637900 0 0
 1433638200 0 0
 1433638500 0 0
 1433638800 0 0
 1433639100 0 0
 1433639400 0 0
 1433639700 0 0
 1433640000 0 0
 1433640300 0 0
 1433640600 0 0
 1433640900 0 0
 1433641200 0 0
 1433641500 0 0
 1433641800 0 0
 1433642100 0 0
 1433642400 0 0
 1433642700 0 0
 1433643000 0 0
 1433643300 0 0
 1433643600 0 0
 1433643900 0 0
 1433644200 0 0
 1433644500 0 0
 1433644800 0 0
 1433645100 0 0
 1433645400 0 0
 1433645700 0 0
 1433646000 0 0
 1433646300 0 0
 1433646600 0 0
 1433646900 0 0
 1433647200 0 0
 1433647500 0 0
 1433647800 1.6200000000000001 1.6200000000000001
 1433648100 5.2679999999999998 5.1120000000000001
 1433648400 9.7200000000000006 9.0180000000000007
 1433648700 12.630000000000001 11.262
 1433649000 12.468 10.962
 1433649300 9.5700000000000003 8.8919999999999995
 1433649600 10.614000000000001 10.614000000000001
 1433649900 16.512 16.512
 1433650200 23.988 23.988
 1433650500 34.134 33.923999999999999
 1433650800 46.265999999999998 45.665999999999997
 1433651100 60.744 58.686
 1433651400 71.664000000000001 66.366
 1433651700 79.049999999999997 70.590000000000003
 1433652000 86.760000000000005 74.561999999999998
 1433652300 95.994 78.120000000000005
 1433652600 106.92 81.287999999999997
 1433652900 118.428 83.688000000000002
 1433653200 129.94200000000001 86.225999999999999
 1433653500 141.63 91.674000000000007
 1433653800 153.678 97.739999999999995
 1433654100 166.27799999999999 103.578
 1433654400 179.172 109.66800000000001
 1433654700 192.56999999999999 115.992
 1433655000 205.65000000000001 121.938
 1433655300 218.44200000000001 127.77
 1433655600 231.22200000000001 133.404
 1433655900 242.88 139.31999999999999
 1433656200 253.25399999999999 144.822
 1433656500 263.35199999999998 150.21000000000001
 1433656800 275.238 155.70599999999999
 1433657100 287.93400000000003 161.268
 1433657400 300.12599999999998 167.00999999999999
 1433657700 314.178 172.78800000000001
 1433658000 329.63999999999999 178.434
 1433658300 345.17399999999998 184.608
 1433658600 356.75999999999999 189.96600000000001
 1433658900 365.41800000000001 194.66999999999999
 1433659200 373.80599999999998 199.44
 1433659500 384.55799999999999 204.37799999999999
 1433659800 396.59399999999999 209.48400000000001
 1433660100 408.774 214.392
 1433660400 429.13799999999998 213.25200000000001
 1433660700 456.06599999999997 193.536
 1433661000 485.44799999999998 149.53800000000001
 1433661300 504.46800000000002 134.42400000000001
 1433661600 516.46799999999996 136.15799999999999
 1433661900 528.08399999999995 137.976
 1433662200 539.78399999999999 139.91999999999999
 1433662500 551.71799999999996 141.93600000000001
 1433662800 563.25599999999997 144.14400000000001
 1433663100 574.86599999999999 146.238
 1433663400 586.32600000000002 148.428
 1433663700 597.55799999999999 150.47399999999999
 1433664000 608.38199999999995 152.52000000000001
 1433664300 619.24800000000005 154.30199999999999
 1433664600 630.37199999999996 155.964
 1433664900 641.11800000000005 157.63800000000001
 1433665200 651.43799999999999 159.37200000000001
 1433665500 661.23599999999999 160.86600000000001
 1433665800 671.26199999999994 162.102
 1433666100 681.08399999999995 163.512
 1433666400 690.14999999999998 165.06
 1433666700 699.28200000000004 166.14599999999999
 1433667000 707.51999999999998 167.166
 1433667300 715.87199999999996 168.58799999999999
 1433667600 724.16999999999996 170.298
 1433667900 732.69600000000003 171.33600000000001
 1433668200 740.34000000000003 172.14599999999999
 1433668500 747.77999999999997 173.10599999999999
 1433668800 755.02200000000005 174.44399999999999
 1433669100 762.10799999999995 175.63200000000001
 1433669400 768.88199999999995 176.04599999999999
 1433669700 775.48800000000006 176.62200000000001
 1433670000 781.62599999999998 177.51599999999999
 1433670300 788.26800000000003 178.28999999999999
 1433670600 794.62199999999996 179.208
 1433670900 800.68200000000002 179.74799999999999
 1433671200 805.79399999999998 180.41399999999999
 1433671500 811.48199999999997 180.828
 1433671800 817.19399999999996 181.13399999999999
 1433672100 821.82000000000005 181.566
 1433672400 826.21199999999999 181.93199999999999
 1433672700 831.21600000000001 182.46600000000001
 1433673000 835.17600000000004 183
 1433673300 839.53800000000001 183.54599999999999
 1433673600 842.86199999999997 183.94200000000001
 1433673900 845.84400000000005 184.22999999999999
 1433674200 848.50800000000004 184.44
 1433674500 851.30999999999995 184.66800000000001
 1433674800 853.11599999999999 184.87799999999999
 1433675100 854.59799999999996 185.04599999999999
 1433675400 855.56399999999996 185.25
 1433675700 856.19399999999996 185.41200000000001
 1433676000 856.30799999999999 185.65799999999999
 1433676300 856.09199999999998 185.82599999999999
 1433676600 855.36000000000001 186.006
 1433676900 853.66200000000003 186.17400000000001
 1433677200 852.26400000000001 186.34200000000001
 1433677500 850.34400000000005 186.47399999999999
 1433677800 847.89599999999996 186.61799999999999
 1433678100 844.64400000000001 186.696
 1433678400 841.53599999999994 186.744
 1433678700 838.13400000000001 186.43799999999999
 1433679000 833.74800000000005 185.994
 1433679300 829.76400000000001 185.50200000000001
 1433679600 824.74199999999996 184.91399999999999
 1433679900 820.23599999999999 184.53
 1433680200 808.29600000000005 237.47399999999999
 1433680500 791.18399999999997 292.29000000000002
 1433680800 774.822 332.51400000000001
 1433681100 772.51800000000003 316.33199999999999
 1433681400 778.01400000000001 277.06200000000001
 1433681700 782.72400000000005 211.09200000000001
 1433682000 673.55399999999997 235.15799999999999
 1433682300 572.88 287.31
 1433682600 469.49400000000003 339.30599999999998
 1433682900 488.86200000000002 353.25599999999997
 1433683200 567.98400000000004 345.46199999999999
 1433683500 656.70000000000005 337.596
 1433683800 703.94399999999996 332.358
 1433684100 696.10799999999995 328.65600000000001
 1433684400 688.50599999999997 324.70800000000003
 1433684700 679.94399999999996 321.28800000000001
 1433685000 671.41800000000001 317.63400000000001
 1433685300 662.57399999999996 314.49000000000001
 1433685600 653.33399999999995 311.08199999999999
 1433685900 643.79999999999995 307.69200000000001
 1433686200 634.20000000000005 304.02600000000001
 1433686500 631.66200000000003 273
 1433686800 633.09000000000003 235.416
 1433687100 633.75 184.34399999999999
 1433687400 619.21199999999999 198.054
 1433687700 596.00999999999999 242.57400000000001
 1433688000 573.72000000000003 266.892
 1433688300 566.62199999999996 257.53800000000001
 1433688600 567.05399999999997 224.88
 1433688900 566.71199999999999 171.84
 1433689200 558.96600000000001 150.75
 1433689500 546.822 149.74799999999999
 1433689800 534.41999999999996 148.75800000000001
 1433690100 521.88599999999997 147.864
 1433690400 509.65199999999999 147.32400000000001
 1433690700 497.13600000000002 146.63999999999999
 1433691000 484.43400000000003 145.82400000000001
 1433691300 471.44999999999999 145.21799999999999
 1433691600 458.47199999999998 144.744
 1433691900 445.16399999999999 143.898
 1433692200 431.88600000000002 142.75800000000001
 1433692500 418.63799999999998 141.36600000000001
 1433692800 405.22800000000001 139.81800000000001
 1433693100 392.17200000000003 138.19800000000001
 1433693400 379.01999999999998 136.32599999999999
 1433693700 365.68200000000002 133.98599999999999
 1433694000 352.572 131.58000000000001
 1433694300 339.36000000000001 129.24600000000001
 1433694600 326.00400000000002 126.714
 1433694900 312.89999999999998 123.96599999999999
 1433695200 299.77800000000002 121.23
 1433695500 286.73399999999998 118.404
 1433695800 273.75 115.122
 1433696100 260.64600000000002 111.75
 1433696400 247.11600000000001 108.336
 1433696700 233.66399999999999 104.78400000000001
 1433697000 220.66200000000001 101.11799999999999
 1433697300 207.53399999999999 97.331999999999994
 1433697600 194.256 93.341999999999999
 1433697900 181.19999999999999 89.334000000000003
 1433698200 168.47999999999999 85.272000000000006
 1433698500 155.892 81.209999999999994
 1433698800 143.50200000000001 77.069999999999993
 1433699100 131.71199999999999 73.859999999999999
 1433699400 120.66 71.040000000000006
 1433699700 109.872 67.896000000000001
 1433700000 99.587999999999994 64.488
 1433700300 89.694000000000003 60.701999999999998
 1433700600 80.280000000000001 56.838000000000001
 1433700900 71.441999999999993 52.734000000000002
 1433701200 63.012 48.317999999999998
 1433701500 55.014000000000003 43.740000000000002
 1433701800 47.543999999999997 39.078000000000003
 1433702100 39.996000000000002 33.845999999999997
 1433702400 32.874000000000002 28.608000000000001
 1433702700 26.321999999999999 23.526
 1433703000 20.334 18.66
 1433703300 14.928000000000001 14.052
 1433703600 10.122 9.75
 1433703900 5.9160000000000004 5.8200000000000003
 1433704200 2.3279999999999998 2.3220000000000001
 1433704500 0 0
 1433704800 0 0
 1433705100 0 0
 1433705400 0 0
 1433705700 0 0
 1433706000 0 0
 1433706300 0 0
 1433706600 0 0
 1433706900 0 0
 1433707200 0 0
 1433707500 0 0
 1433707800 0 0
 1433708100 0 0
 1433708400 0 0
 1433708700 0 0
 1433709000 0 0
 1433709300 0 0
 1433709600 0 0
 1433709900 0 0
 1433710200 0 0
 1433710500 0 0
 1433710800 0 0
 1433711100 0 0
 1433711400 0 0
 1433711700 0 0
 1433712000 0 0
 1433712300 0 0
 1433712600 0 0
 1433712900 0 0
 1433713200 0 0
 1433713500 0 0
 1433713800 0 0
 1433714100 0 0
 1433714400 0 0
 1433714700 0 0
 1433715000 0 0
 1433715300 0 0
 1433715600 0 0
 1433715900 0 0
 1433716200 0 0
 1433716500 0 0
 1433716800 0 0
 1433717100 0 0
 1433717400 0 0
 1433717700 0 0
 1433718000 0 0
 1433718300 0 0
 1433718600 0 0
 1433718900 0 0
 1433719200 0 0
 1433719500 0 0
 1433719800 0 0
 1433720100 0 0
 1433720400 0 0
 1433720700 0 0
 1433721000 0 0
 1433721300 0 0
 1433721600 0 0
 1433721900 0 0
 1433722200 0 0
 1433722500 0 0
 1433722800 0 0
 1433723100 0 0
 1433723400 0 0
 1433723700 0 0
 1433724000 0 0
 1433724300 0 0
 1433724600 0 0
 1433724900 0 0
 1433725200 0 0
 1433725500 0 0
 1433725800 0 0
 1433726100 0 0
 1433726400 0 0
 1433726700 0 0
 1433727000 0 0
 1433727300 0 0
 1433727600 0 0
 1433727900 0 0
 1433728200 0 0
 1433728500 0 0
 1433728800 0 0
 1433729100 0 0
 1433729400 0 0
 1433729700 0 0
 1433730000 0 0
 1433730300 0 0
 1433730600 0 0
 1433730900 0 0
 1433731200 0 0
 1433731500 0 0
 1433731800 0 0
 1433732100 0 0
 1433732400 0 0
 1433732700 0 0
 1433733000 0 0
 1433733300 0 0
 1433733600 0 0
 1433733900 0 0
 1433734200 1.8240000000000001 1.8240000000000001
 1433734500 5.3819999999999997 5.2919999999999998
 1433734800 9.5820000000000007 9.2040000000000006
 1433735100 12.15 11.412000000000001
 1433735400 11.736000000000001 10.914
 1433735700 8.7840000000000007 8.4120000000000008
 1433736000 7.3620000000000001 7.3620000000000001
 1433736300 7.8360000000000003 7.8360000000000003
 1433736600 8.0640000000000001 8.1359999999999992
 1433736900 9.3780000000000001 10.218
 1433737200 11.208 13.002000000000001
 1433737500 12.827999999999999 15.474
 1433737800 14.843999999999999 18.437999999999999
 1433738100 17.021999999999998 21.600000000000001
 1433738400 19.283999999999999 24.972000000000001
 1433738700 21.893999999999998 28.788
 1433739000 24.594000000000001 32.694000000000003
 1433739300 27.449999999999999 36.816000000000003
 1433739600 39.851999999999997 54.978000000000002
 1433739900 51.450000000000003 60.509999999999998
 1433740200 57.624000000000002 60.167999999999999
 1433740500 58.716000000000001 61.572000000000003
 1433740800 55.392000000000003 63.545999999999999
 1433741100 42.887999999999998 54.695999999999998
 1433741400 64.950000000000003 64.278000000000006
 1433741700 102.98399999999999 94.079999999999998
 1433742000 169.30199999999999 128.62200000000001
 1433742300 165.16200000000001 132.15600000000001
 1433742600 111.75 101.292
 1433742900 73.403999999999996 68.376000000000005
 1433743200 55.433999999999997 64.578000000000003
 1433743500 50.706000000000003 59.712000000000003
 1433743800 45.810000000000002 54.119999999999997
 1433744100 51.936 60.786000000000001
 1433744400 64.218000000000004 69.665999999999997
 1433744700 74.634 72.870000000000005
 1433745000 75.048000000000002 73.037999999999997
 1433745300 69.840000000000003 73.073999999999998
 1433745600 62.573999999999998 69.197999999999993
 1433745900 58.890000000000001 64.962000000000003
 1433746200 58.128 63.822000000000003
 1433746500 56.915999999999997 62.712000000000003
 1433746800 61.595999999999997 67.001999999999995
 1433747100 69.498000000000005 74.213999999999999
 1433747400 77.412000000000006 77.778000000000006
 1433747700 83.802000000000007 81.018000000000001
 1433748000 90.329999999999998 82.272000000000006
 1433748300 96.108000000000004 83.040000000000006
 1433748600 101.742 86.058000000000007
 1433748900 108.708 93.930000000000007
 1433749200 116.958 103.056
 1433749500 123.024 110.274
 1433749800 128.69399999999999 115.884
 1433750100 133.75800000000001 121.67400000000001
 1433750400 135.54599999999999 121.944
 1433750700 134.166 118.65000000000001
 1433751000 133.22399999999999 115.476
 1433751300 134.44200000000001 112.902
 1433751600 137.976 110.86199999999999
 1433751900 140.97 109.002
 1433752200 145.07400000000001 111.414
 1433752500 148.608 116.754
 1433752800 150.15600000000001 121.842
 1433753100 151.71000000000001 123.22799999999999
 1433753400 154.464 122.124
 1433753700 155.69399999999999 121.092
 1433754000 157.72200000000001 119.568
 1433754300 157.14599999999999 118.128
 1433754600 156.97200000000001 116.178
 1433754900 154.74000000000001 110.682
 1433755200 132.834 109.092
 1433755500 104.688 89.201999999999998
 1433755800 96.653999999999996 84.930000000000007
 1433756100 100.65600000000001 90.353999999999999
 1433756400 105.378 95.519999999999996
 1433756700 126.94199999999999 114.702
 1433757000 147.37200000000001 121.818
 1433757300 159.09 137.75999999999999
 1433757600 163.28399999999999 141.21000000000001
 1433757900 159.87 137.09399999999999
 1433758200 155.56200000000001 133.32599999999999
 1433758500 153.852 131.74799999999999
 1433758800 155.50800000000001 132.32400000000001
 1433759100 158.73599999999999 132.59999999999999
 1433759400 169.536 137.184
 1433759700 183.822 144.33000000000001
 1433760000 197.51400000000001 153.34200000000001
 1433760300 202.67400000000001 155.85599999999999
 1433760600 203.202 153.66
 1433760900 202.93199999999999 151.77600000000001
 1433761200 192.98400000000001 142.27799999999999
 1433761500 173.85599999999999 131.244
 1433761800 157.94999999999999 123.768
 1433762100 185.334 135.84
 1433762400 234.37200000000001 180.55799999999999
 1433762700 280.94999999999999 250.25999999999999
 1433763000 309.666 284.25
 1433763300 326.35199999999998 295.76400000000001
 1433763600 344.928 305.334
 1433763900 332.33999999999997 299.43000000000001
 1433764200 302.76600000000002 282.44999999999999
 1433764500 282.036 261.07799999999997
 1433764800 279.20400000000001 260.238
 1433765100 285.834 271.78800000000001
 1433765400 292.13400000000001 279.83999999999997
 1433765700 289.70999999999998 279.18599999999998
 1433766000 280.512 273.91800000000001
 1433766300 272.142 268.74000000000001
 1433766600 271.33800000000002 268.71600000000001
 1433766900 274.464 270.81
 1433767200 278.09399999999999 272.53800000000001
 1433767500 276.35399999999998 270.88799999999998
 1433767800 271.11599999999999 266.78399999999999
 1433768100 267.13799999999998 263.37599999999998
 1433768400 259.37400000000002 256.65600000000001
 1433768700 248.952 246.81
 1433769000 236.67599999999999 236.124
 1433769300 225.036 224.59800000000001
 1433769600 213.36600000000001 213.40799999999999
 1433769900 202.608 202.84800000000001
 1433770200 197.922 199.374
 1433770500 196.68000000000001 200.286
 1433770800 195.56999999999999 200.74199999999999
 1433771100 199.21199999999999 204.90000000000001
 1433771400 205.80000000000001 212.54400000000001
 1433771700 214.16399999999999 218.53200000000001
 1433772000 220.80600000000001 222.114
 1433772300 228.43799999999999 225.23400000000001
 1433772600 235.59 228.26400000000001
 1433772900 231.93600000000001 224.75999999999999
 1433773200 222.042 217.34399999999999
 1433773500 212.316 209.66399999999999
 1433773800 209.66999999999999 206.40000000000001
 1433774100 211.02000000000001 205.36799999999999
 1433774400 212.38200000000001 204.672
 1433774700 201.816 195.696
 1433775000 185.38800000000001 179.58000000000001
 1433775300 171.52199999999999 164.62200000000001
 1433775600 159.72 150.858
 1433775900 149.43600000000001 138.99000000000001
 1433776200 139.476 128.09999999999999
 1433776500 133.404 122.154
 1433776800 130.71000000000001 118.72199999999999
 1433777100 127.506 115.29000000000001
 1433777400 124.068 112.386
 1433777700 121.176 109.812
 1433778000 118.518 107.38800000000001
 1433778300 123.59399999999999 112.938
 1433778600 134.13 123.09
 1433778900 144.792 133.69800000000001
 1433779200 153.52199999999999 142.584
 1433779500 160.584 149.71199999999999
 1433779800 166.89599999999999 156.744
 1433780100 155.43600000000001 145.93199999999999
 1433780400 135.18600000000001 126.75
 1433780700 117.78 110.298
 1433781000 110.42400000000001 103.854
 1433781300 107.724 101.77200000000001
 1433781600 105.288 99.689999999999998
 1433781900 98.945999999999998 93.840000000000003
 1433782200 91.031999999999996 86.316000000000003
 1433782500 83.939999999999998 79.445999999999998
 1433782800 75.959999999999994 71.093999999999994
 1433783100 67.745999999999995 65.382000000000005
 1433783400 61.253999999999998 64.602000000000004
 1433783700 61.043999999999997 63.707999999999998
 1433784000 62.664000000000001 62.694000000000003
 1433784300 64.697999999999993 62.543999999999997
 1433784600 65.772000000000006 63.216000000000001
 1433784900 66.713999999999999 64.061999999999998
 1433785200 67.242000000000004 64.451999999999998
 1433785500 66.245999999999995 63.648000000000003
 1433785800 64.626000000000005 62.472000000000001
 1433786100 62.759999999999998 60.917999999999999
 1433786400 64.739999999999995 62.765999999999998
 1433786700 68.507999999999996 65.802000000000007
 1433787000 71.597999999999999 66.671999999999997
 1433787300 67.697999999999993 63.479999999999997
 1433787600 60.618000000000002 58.326000000000001
 1433787900 53.585999999999999 52.530000000000001
 1433788200 40.793999999999997 40.530000000000001
 1433788500 26.579999999999998 26.472000000000001
 1433788800 15.372 15.348000000000001
 1433789100 13.44 13.44
 1433789400 14.231999999999999 14.231999999999999
 1433789700 13.302 13.302
 1433790000 10.182 9.9900000000000002
 1433790300 6.4320000000000004 6.2759999999999998
 1433790600 2.9159999999999999 2.8980000000000001
 1433790900 0 0
 1433791200 0 0
 1433791500 0 0
 1433791800 0 0
 1433792100 0 0
 1433792400 0 0
 1433792700 0 0
 1433793000 0 0
 1433793300 0 0
 1433793600 0 0
 1433793900 0 0
 1433794200 0 0
 1433794500 0 0
 1433794800 0 0
 1433795100 0 0
 1433795400 0 0
 1433795700 0 0
 1433796000 0 0
 1433796300 0 0
 1433796600 0 0
 1433796900 0 0
 1433797200 0 0
 1433797500 0 0
 1433797800 0 0
 1433798100 0 0
 1433798400 0 0
 1433798700 0 0
 1433799000 0 0
 1433799300 0 0
 1433799600 0 0
 1433799900 0 0
 1433800200 0 0
 1433800500 0 0
 1433800800 0 0
 1433801100 0 0
 1433801400 0 0
 1433801700 0 0
 1433802000 0 0
 1433802300 0 0
 1433802600 0 0
 1433802900 0 0
 1433803200 0 0
 1433803500 0 0
 1433803800 0 0
 1433804100 0 0
 1433804400 0 0
 1433804700 0 0
 1433805000 0 0
 1433805300 0 0
 1433805600 0 0
 1433805900 0 0
 1433806200 0 0
 1433806500 0 0
 1433806800 0 0
 1433807100 0 0
 1433807400 0 0
 1433807700 0 0
 1433808000 0 0
 1433808300 0 0
 1433808600 0 0
 1433808900 0 0
 1433809200 0 0
 1433809500 0 0
 1433809800 0 0
 1433810100 0 0
 1433810400 0 0
 1433810700 0 0
 1433811000 0 0
 1433811300 0 0
 1433811600 0 0
 1433811900 0 0
 1433812200 0 0
 1433812500 0 0
 1433812800 0 0
 1433813100 0 0
 1433813400 0 0
 1433813700 0 0
 1433814000 0 0
 1433814300 0 0
 1433814600 0 0
 1433814900 0 0
 1433815200 0 0
 1433815500 0 0
 1433815800 0 0
 1433816100 0 0
 1433816400 0 0
 1433816700 0 0
 1433817000 0 0
 1433817300 0 0
 1433817600 0 0
 1433817900 0 0
 1433818200 0 0
 1433818500 0 0
 1433818800 0 0
 1433819100 0 0
 1433819400 0 0
 1433819700 0 0
 1433820000 0 0
 1433820300 0 0
 1433820600 2.2440000000000002 2.2320000000000002
 1433820900 6.3959999999999999 5.9279999999999999
 1433821200 11.561999999999999 9.8879999999999999
 1433821500 14.85 11.946
 1433821800 14.406000000000001 11.448
 1433822100 10.644 9.3960000000000008
 1433822400 8.8320000000000007 8.8320000000000007
 1433822700 9.4920000000000009 9.4920000000000009
 1433823000 9.8640000000000008 9.9480000000000004
 1433823300 13.368 14.352
 1433823600 18.827999999999999 20.460000000000001
 1433823900 24.954000000000001 27.006
 1433824200 31.692 33.521999999999998
 1433824500 38.670000000000002 39.552
 1433824800 45.689999999999998 45.311999999999998
 1433825100 49.560000000000002 48.851999999999997
 1433825400 51.57 51.101999999999997
 1433825700 53.628 53.880000000000003
 1433826000 57.341999999999999 56.951999999999998
 1433826300 61.277999999999999 59.496000000000002
 1433826600 65.873999999999995 63.323999999999998
 1433826900 66.299999999999997 63.869999999999997
 1433827200 63.665999999999997 62.549999999999997
 1433827500 60.911999999999999 63.857999999999997
 1433827800 59.921999999999997 64.518000000000001
 1433828100 60.57 65.189999999999998
 1433828400 61.506 65.939999999999998
 1433828700 64.170000000000002 66.671999999999997
 1433829000 67.817999999999998 67.007999999999996
 1433829300 71.304000000000002 67.896000000000001
 1433829600 73.349999999999994 68.622
 1433829900 74.298000000000002 69.329999999999998
 1433830200 76.043999999999997 70.260000000000005
 1433830500 79.331999999999994 72.257999999999996
 1433830800 84.257999999999996 75.659999999999997
 1433831100 89.796000000000006 80.843999999999994
 1433831400 94.811999999999998 85.829999999999998
 1433831700 99.359999999999999 90.335999999999999
 1433832000 104.47199999999999 95.201999999999998
 1433832300 106.218 96.323999999999998
 1433832600 105.378 95.010000000000005
 1433832900 104.154 93.438000000000002
 1433833200 105.88800000000001 95.028000000000006
 1433833500 109.67400000000001 98.927999999999997
 1433833800 114.018 102.816
 1433834100 116.79000000000001 105.024
 1433834400 117.61799999999999 105.91200000000001
 1433834700 118.116 106.67400000000001
 1433835000 123.55200000000001 112.254
 1433835300 132.38999999999999 120.786
 1433835600 140.19 129.69
 1433835900 144.63 135.654
 1433836200 148.35599999999999 139.78200000000001
 1433836500 151.84800000000001 144.13200000000001
 1433836800 151.99199999999999 144.654
 1433837100 150.648 142.98599999999999
 1433837400 149.172 140.922
 1433837700 149.47800000000001 141.17400000000001
 1433838000 150.24000000000001 142.536
 1433838300 150.99600000000001 143.982
 1433838600 151.572 146.08199999999999
 1433838900 152.38200000000001 148.84200000000001
 1433839200 153.33000000000001 151.67400000000001
 1433839500 154.25399999999999 152.56200000000001
 1433839800 155.39400000000001 151.87799999999999
 1433840100 156.066 151.73400000000001
 1433840400 159.23400000000001 154.476
 1433840700 164.43000000000001 159.44999999999999
 1433841000 169.91999999999999 164.148
 1433841300 171.60599999999999 163.74600000000001
 1433841600 171.38399999999999 160.398
 1433841900 171.41999999999999 157.00200000000001
 1433842200 162.28200000000001 140.904
 1433842500 149.946 118.476
 1433842800 107.79000000000001 97.566000000000003
 1433843100 90.108000000000004 83.537999999999997
 1433843400 94.212000000000003 87.906000000000006
 1433843700 98.159999999999997 92.256
 1433844000 100.452 94.926000000000002
 1433844300 101.05800000000001 96.774000000000001
 1433844600 101.586 98.915999999999997
 1433844900 102.09 100.65600000000001
 1433845200 103.182 102.246
 1433845500 104.628 103.788
 1433845800 105.042 104.214
 1433846100 104.80800000000001 103.908
 1433846400 104.04600000000001 103.23
 1433846700 99.665999999999997 99.420000000000002
 1433847000 93.239999999999995 93.798000000000002
 1433847300 86.597999999999999 87.906000000000006
 1433847600 115.458 110.34
 1433847900 157.66800000000001 123.498
 1433848200 192.34800000000001 139.512
 1433848500 205.434 148.74000000000001
 1433848800 206.11199999999999 149.10599999999999
 1433849100 206.52000000000001 149.71799999999999
 1433849400 217.17599999999999 160.53
 1433849700 232.71000000000001 179.292
 1433850000 247.28399999999999 202.83600000000001
 1433850300 250.572 210.678
 1433850600 247.34399999999999 208.446
 1433850900 243.29400000000001 206.148
 1433851200 267.69600000000003 243.78
 1433851500 313.69200000000001 291.63600000000002
 1433851800 368.95800000000003 310.11599999999999
 1433852100 374.09399999999999 313.06799999999998
 1433852400 356.93400000000003 305.43599999999998
 1433852700 338.16000000000003 299.74200000000002
 1433853000 331.35599999999999 296.916
 1433853300 329.286 295.58999999999997
 1433853600 327.60000000000002 293.92200000000003
 1433853900 323.83800000000002 292.17599999999999
 1433854200 317.95800000000003 289.67399999999998
 1433854500 313.26600000000002 287.226
 1433854800 282.38999999999999 271.608
 1433855100 238.13399999999999 235.99799999999999
 1433855400 198.762 189.066
 1433855700 183.042 172.19399999999999
 1433856000 178.90799999999999 169.434
 1433856300 174.744 166.32599999999999
 1433856600 170.982 164.922
 1433856900 168.95400000000001 164.57400000000001
 1433857200 166.93799999999999 164.316
 1433857500 165.732 164.06999999999999
 1433857800 164.982 164.03999999999999
 1433858100 164.48400000000001 164.63999999999999
 1433858400 166.12799999999999 167.02799999999999
 1433858700 170.376 169.72800000000001
 1433859000 174.012 172.94999999999999
 1433859300 176.61000000000001 176.52600000000001
 1433859600 179.01599999999999 179.49000000000001
 1433859900 182.154 181.71600000000001
 1433860200 183.91800000000001 182.48400000000001
 1433860500 184.542 182.124
 1433860800 185.13 181.56
 1433861100 175.94399999999999 171.048
 1433861400 161.25 154.71000000000001
 1433861700 148.578 140.154
 1433862000 145.15799999999999 135.55199999999999
 1433862300 147.024 136.17599999999999
 1433862600 148.03200000000001 137.01599999999999
 1433862900 137.86799999999999 126.816
 1433863200 123.48 111.648
 1433863500 109.092 96.018000000000001
 1433863800 116.226 104.718
 1433864100 137.964 126.054
 1433864400 164.232 151.78800000000001
 1433864700 167.82599999999999 155.262
 1433865000 156.24600000000001 144.32400000000001
 1433865300 145.19999999999999 134.03999999999999
 1433865600 138.84 128.44800000000001
 1433865900 135.19200000000001 125.34
 1433866200 131.44200000000001 122.03400000000001
 1433866500 122.86199999999999 114.396
 1433866800 112.488 105.312
 1433867100 104.244 97.170000000000002
 1433867400 104.38200000000001 98.058000000000007
 1433867700 109.986 103.962
 1433868000 116.01000000000001 109.992
 1433868300 115.884 109.974
 1433868600 111.59999999999999 106.27200000000001
 1433868900 107.02200000000001 102.468
 1433869200 102.54600000000001 98.334000000000003
 1433869500 97.896000000000001 94.037999999999997
 1433869800 93.384 89.819999999999993
 1433870100 91.536000000000001 88.055999999999997
 1433870400 91.224000000000004 87.546000000000006
 1433870700 90.420000000000002 86.766000000000005
 1433871000 86.628 83.135999999999996
 1433871300 81.366 78.060000000000002
 1433871600 76.325999999999993 73.176000000000002
 1433871900 72.516000000000005 69.677999999999997
 1433872200 69.713999999999999 67.331999999999994
 1433872500 66.605999999999995 64.674000000000007
 1433872800 62.844000000000001 61.265999999999998
 1433873100 58.494 57.246000000000002
 1433873400 54.030000000000001 53.231999999999999
 1433873700 50.298000000000002 49.764000000000003
 1433874000 46.841999999999999 46.584000000000003
 1433874300 43.008000000000003 42.899999999999999
 1433874600 40.146000000000001 40.109999999999999
 1433874900 36.984000000000002 36.984000000000002
 1433875200 32.915999999999997 32.915999999999997
 1433875500 28.626000000000001 28.626000000000001
 1433875800 23.975999999999999 23.975999999999999
 1433876100 18.954000000000001 18.954000000000001
 1433876400 12.762 12.762
 1433876700 7.1760000000000002 7.1760000000000002
 1433877000 3.0059999999999998 3.0059999999999998
 1433877300 0 0
 1433877600 0 0
 1433877900 0 0
 1433878200 0 0
 1433878500 0 0
 1433878800 0 0
 1433879100 0 0
 1433879400 0 0
 1433879700 0 0
 1433880000 0 0
 1433880300 0 0
 1433880600 0 0
 1433880900 0 0
 1433881200 0 0
 1433881500 0 0
 1433881800 0 0
 1433882100 0 0
 1433882400 0 0
 1433882700 0 0
 1433883000 0 0
 1433883300 0 0
 1433883600 0 0
 1433883900 0 0
 1433884200 0 0
 1433884500 0 0
 1433884800 0 0
 1433885100 0 0
 1433885400 0 0
 1433885700 0 0
 1433886000 0 0
 1433886300 0 0
 1433886600 0 0
 1433886900 0 0
 1433887200 0 0
 1433887500 0 0
 1433887800 0 0
 1433888100 0 0
 1433888400 0 0
 1433888700 0 0
 1433889000 0 0
 1433889300 0 0
 1433889600 0 0
 1433889900 0 0
 1433890200 0 0
 1433890500 0 0
 1433890800 0 0
 1433891100 0 0
 1433891400 0 0
 1433891700 0 0
 1433892000 0 0
 1433892300 0 0
